10,190
10,132
10,290
10,90
10,292
10,280
10,282
10,6
9,7
9,4
9,1
9,6
9,2
9,3
8,10
8,17
8,12
8,18
8,15
63,4
63,3
63,1
61,5
61,4
61,3
61,1
54,3
54,2
54,0
53,2
53,0
44,5
44,4
44,3
44,2
44,1
44,0
43,4
43,3
43,2
43,1
43,0
41,5
41,4
41,3
41,2
41,1
41,0
38,5
38,4
38,3
38,2
38,1
38,0
27,5
27,1
24,3
24,1
12,3
12,2
12,1
11,29
11,28
11,27
11,26
11,25
11,24
11,23
11,22
11,21
11,20
11,19
11,18
11,17
11,16
11,15
11,14
11,13
11,12
11,11
11,10
11,9
11,8
11,7
11,6
11,5
11,4
11,3
11,2
11,1
20,2
20,1
20,3
10,312
10,307
10,300
10,297
10,291
19,2
19,1
19,3
10,284
10,279
10,274
10,261
10,260
10,254
10,251
10,246
10,244
10,242
10,238
10,228
10,221
10,220
18,1
18,3
10,212
10,205
10,203
10,175
10,163
10,145
