10,29
10,33
10,237
66,5
66,4
66,3
10,249
66,2
66,1
10,115
66,0
64,5
64,4
64,3
10,225
64,2
64,1
64,0
62,5
62,4
62,3
11,9
62,2
11,23
62,1
11,5
11,21
11,29
11,27
62,0
59,3
9,5
59,2
9,2
9,3
59,1
59,0
57,4
57,3
57,2
8,13
57,1
57,0
56,4
56,3
8,18
8,10
56,2
56,1
8,14
56,0
54,5
54,4
54,3
8,12
8,2
54,2
8,3
54,1
54,0
53,1
53,4
53,2
53,0
50,3
50,2
50,1
50,0
45,4
45,3
45,2
45,1
40,3
40,1
38,3
38,1
36,3
36,1
34,4
34,3
34,2
34,1
29,3
29,1
26,3
26,2
26,1
20,3
20,2
20,1
19,2
19,1
12,3
12,2
19,3
12,1
11,24
11,18
11,17
11,16
11,15
11,14
11,13
11,10
11,7
11,4
11,3
11,2
11,1
10,268
10,259
10,240
10,199
10,189
10,183
10,146
